{
  "scene": 3,
  "point_accuracy": 0.7919921875,
  "num_instances": 19,
  "instances": [
    {
      "instance_id": 0,
      "semantic_label": 1,
      "semantic_name": "cylinder",
      "geometry_label": 1,
      "geometry_name": "cylinder",
      "confidence": 0.6828203797340393,
      "num_points": 347,
      "centroid": [
        -5.839996337890625,
        -3.4578516483306885,
        0.01717609167098999
      ],
      "geometry": {
        "label": 1,
        "name": "cylinder",
        "confidence": 0.5023908204476684,
        "residual": 0.22945897846566873,
        "parameters": {
          "center": [
            -5.839996337890625,
            -3.4578516483306885,
            0.01717609167098999
          ],
          "axis": [
            -0.022740093991160393,
            -0.04508733004331589,
            0.9987242221832275
          ],
          "radius": 0.22891923785209656,
          "height": 1.8814237117767334
        }
      }
    },
    {
      "instance_id": 1,
      "semantic_label": 0,
      "semantic_name": "cuboid",
      "geometry_label": 0,
      "geometry_name": "cuboid",
      "confidence": 0.9999984502792358,
      "num_points": 69,
      "centroid": [
        7.004446506500244,
        4.659768581390381,
        0.4196864068508148
      ],
      "geometry": {
        "label": 0,
        "name": "cuboid",
        "confidence": 0.36536306432775734,
        "residual": 0.33562124099810203,
        "parameters": {
          "center": [
            7.004446506500244,
            4.659768581390381,
            0.4196864068508148
          ],
          "axes": [
            [
              0.12300685793161392,
              0.186081662774086,
              0.9748040437698364
            ],
            [
              0.9631871581077576,
              -0.25898173451423645,
              -0.0721035897731781
            ],
            [
              -0.23903928697109222,
              -0.9477880001068115,
              0.21108800172805786
            ]
          ],
          "half_extents": [
            1.1725395917892456,
            0.8867971897125244,
            0.6795163750648499
          ]
        }
      }
    },
    {
      "instance_id": 2,
      "semantic_label": 1,
      "semantic_name": "cylinder",
      "geometry_label": 1,
      "geometry_name": "cylinder",
      "confidence": 0.9999873638153076,
      "num_points": 333,
      "centroid": [
        5.829150676727295,
        -6.688244819641113,
        -0.013327470049262047
      ],
      "geometry": {
        "label": 1,
        "name": "cylinder",
        "confidence": 0.49249429284220125,
        "residual": 0.2360908021915996,
        "parameters": {
          "center": [
            5.829150676727295,
            -6.688244819641113,
            -0.013327470049262047
          ],
          "axis": [
            0.011057755909860134,
            -0.014606324955821037,
            -0.9998321533203125
          ],
          "radius": 0.3182201087474823,
          "height": 1.5181047916412354
        }
      }
    },
    {
      "instance_id": 3,
      "semantic_label": 0,
      "semantic_name": "cuboid",
      "geometry_label": 0,
      "geometry_name": "cuboid",
      "confidence": 0.9999933242797852,
      "num_points": 127,
      "centroid": [
        2.3471643924713135,
        8.556368827819824,
        -0.2423218935728073
      ],
      "geometry": {
        "label": 0,
        "name": "cuboid",
        "confidence": 0.3868032132413459,
        "residual": 0.31661306939837996,
        "parameters": {
          "center": [
            2.3471643924713135,
            8.556368827819824,
            -0.2423218935728073
          ],
          "axes": [
            [
              -0.5464482307434082,
              0.5701772570610046,
              -0.613426685333252
            ],
            [
              -0.5355505347251892,
              0.3252232074737549,
              0.7793686389923096
            ],
            [
              -0.6438788771629333,
              -0.7544055581092834,
              -0.12764106690883636
            ]
          ],
          "half_extents": [
            1.6299488544464111,
            1.1326615810394287,
            0.8183383941650391
          ]
        }
      }
    },
    {
      "instance_id": 4,
      "semantic_label": 1,
      "semantic_name": "cylinder",
      "geometry_label": 1,
      "geometry_name": "cylinder",
      "confidence": 0.9999998807907104,
      "num_points": 332,
      "centroid": [
        4.791093826293945,
        -1.133987307548523,
        0.13864807784557343
      ],
      "geometry": {
        "label": 1,
        "name": "cylinder",
        "confidence": 0.51437125427832,
        "residual": 0.22160332988692596,
        "parameters": {
          "center": [
            4.791093826293945,
            -1.133987307548523,
            0.13864807784557343
          ],
          "axis": [
            -0.014325018040835857,
            0.00033546003396622837,
            0.9998973608016968
          ],
          "radius": 0.33428266644477844,
          "height": 1.716722846031189
        }
      }
    },
    {
      "instance_id": 5,
      "semantic_label": 2,
      "semantic_name": "sphere",
      "geometry_label": 2,
      "geometry_name": "sphere",
      "confidence": 0.9999998807907104,
      "num_points": 347,
      "centroid": [
        -0.05676353722810745,
        -4.910686492919922,
        0.05853596329689026
      ],
      "geometry": {
        "label": 2,
        "name": "sphere",
        "confidence": 0.9568041374280025,
        "residual": 0.014718857186722273,
        "parameters": {
          "center": [
            -0.05676353722810745,
            -4.910686492919922,
            0.05853596329689026
          ],
          "radius": 0.801677405834198
        }
      }
    },
    {
      "instance_id": 6,
      "semantic_label": 2,
      "semantic_name": "sphere",
      "geometry_label": 2,
      "geometry_name": "sphere",
      "confidence": 0.9999998807907104,
      "num_points": 354,
      "centroid": [
        4.915609836578369,
        9.708088874816895,
        -0.004900375846773386
      ],
      "geometry": {
        "label": 2,
        "name": "sphere",
        "confidence": 0.9302865029576838,
        "residual": 0.024087557527170164,
        "parameters": {
          "center": [
            4.915609836578369,
            9.708088874816895,
            -0.004900375846773386
          ],
          "radius": 0.45996585488319397
        }
      }
    },
    {
      "instance_id": 7,
      "semantic_label": 1,
      "semantic_name": "cylinder",
      "geometry_label": 1,
      "geometry_name": "cylinder",
      "confidence": 0.9996227025985718,
      "num_points": 322,
      "centroid": [
        -4.003148555755615,
        9.004820823669434,
        -0.0221240371465683
      ],
      "geometry": {
        "label": 1,
        "name": "cylinder",
        "confidence": 0.47199259196119464,
        "residual": 0.25026399617240613,
        "parameters": {
          "center": [
            -4.003148555755615,
            9.004820823669434,
            -0.0221240371465683
          ],
          "axis": [
            0.1759013682603836,
            -0.9796167612075806,
            0.09700394421815872
          ],
          "radius": 0.8282797932624817,
          "height": 2.212879180908203
        }
      }
    },
    {
      "instance_id": 8,
      "semantic_label": 1,
      "semantic_name": "cylinder",
      "geometry_label": 1,
      "geometry_name": "cylinder",
      "confidence": 0.9999997615814209,
      "num_points": 340,
      "centroid": [
        0.3079652190208435,
        -7.558139801025391,
        0.07794421911239624
      ],
      "geometry": {
        "label": 1,
        "name": "cylinder",
        "confidence": 0.5110273283608479,
        "residual": 0.22377740335007676,
        "parameters": {
          "center": [
            0.3079652190208435,
            -7.558139801025391,
            0.07794421911239624
          ],
          "axis": [
            0.09873832017183304,
            0.026159102097153664,
            0.9947695732116699
          ],
          "radius": 0.32372352480888367,
          "height": 1.7895833253860474
        }
      }
    },
    {
      "instance_id": 9,
      "semantic_label": 2,
      "semantic_name": "sphere",
      "geometry_label": 2,
      "geometry_name": "sphere",
      "confidence": 0.9999998807907104,
      "num_points": 353,
      "centroid": [
        0.08282697200775146,
        -9.61905288696289,
        0.043644439429044724
      ],
      "geometry": {
        "label": 2,
        "name": "sphere",
        "confidence": 0.9381139453366525,
        "residual": 0.021294620149629104,
        "parameters": {
          "center": [
            0.08282697200775146,
            -9.61905288696289,
            0.043644439429044724
          ],
          "radius": 0.9587542414665222
        }
      }
    },
    {
      "instance_id": 10,
      "semantic_label": 0,
      "semantic_name": "cuboid",
      "geometry_label": 0,
      "geometry_name": "cuboid",
      "confidence": 1.0,
      "num_points": 412,
      "centroid": [
        -0.42001691460609436,
        9.117809295654297,
        0.09027747064828873
      ],
      "geometry": {
        "label": 0,
        "name": "cuboid",
        "confidence": 0.3381238518033804,
        "residual": 0.3614476750542472,
        "parameters": {
          "center": [
            -0.42001691460609436,
            9.117809295654297,
            0.09027747064828873
          ],
          "axes": [
            [
              -0.7252941131591797,
              0.5721787214279175,
              -0.3828315734863281
            ],
            [
              0.2752518653869629,
              -0.2686896026134491,
              -0.9230613708496094
            ],
            [
              0.6310189366340637,
              0.7748660445213318,
              -0.0373857356607914
            ]
          ],
          "half_extents": [
            2.39260196685791,
            1.443772792816162,
            0.8662095069885254
          ]
        }
      }
    },
    {
      "instance_id": 11,
      "semantic_label": 2,
      "semantic_name": "sphere",
      "geometry_label": 2,
      "geometry_name": "sphere",
      "confidence": 0.9999998807907104,
      "num_points": 338,
      "centroid": [
        -1.056825876235962,
        0.36196550726890564,
        0.10665825009346008
      ],
      "geometry": {
        "label": 2,
        "name": "sphere",
        "confidence": 0.938481367060717,
        "residual": 0.02116409237011543,
        "parameters": {
          "center": [
            -1.056825876235962,
            0.36196550726890564,
            0.10665825009346008
          ],
          "radius": 0.3934169113636017
        }
      }
    },
    {
      "instance_id": 12,
      "semantic_label": 0,
      "semantic_name": "cuboid",
      "geometry_label": 0,
      "geometry_name": "cuboid",
      "confidence": 0.9999994039535522,
      "num_points": 119,
      "centroid": [
        1.4617619514465332,
        7.173873424530029,
        -0.5458658337593079
      ],
      "geometry": {
        "label": 0,
        "name": "cuboid",
        "confidence": 0.35263199069877654,
        "residual": 0.3474434283723183,
        "parameters": {
          "center": [
            1.4617619514465332,
            7.173873424530029,
            -0.5458658337593079
          ],
          "axes": [
            [
              0.9700928926467896,
              0.04701559618115425,
              -0.2381371706724167
            ],
            [
              -0.22120843827724457,
              0.5751373171806335,
              -0.7875810265541077
            ],
            [
              -0.09993297606706619,
              -0.8167047500610352,
              -0.5683368444442749
            ]
          ],
          "half_extents": [
            1.6988054513931274,
            1.3499871492385864,
            0.7833925485610962
          ]
        }
      }
    },
    {
      "instance_id": 13,
      "semantic_label": 0,
      "semantic_name": "cuboid",
      "geometry_label": 0,
      "geometry_name": "cuboid",
      "confidence": 0.9999986886978149,
      "num_points": 33,
      "centroid": [
        6.4181413650512695,
        6.535035133361816,
        -0.8432669639587402
      ],
      "geometry": {
        "label": 0,
        "name": "cuboid",
        "confidence": 0.49578828951365067,
        "residual": 0.23386875967848042,
        "parameters": {
          "center": [
            6.4181413650512695,
            6.535035133361816,
            -0.8432669639587402
          ],
          "axes": [
            [
              -0.45802679657936096,
              -0.7475820779800415,
              0.4809704124927521
            ],
            [
              0.08605621010065079,
              0.5012305974960327,
              0.8610239624977112
            ],
            [
              0.8847631216049194,
              -0.43576252460479736,
              0.16524295508861542
            ]
          ],
          "half_extents": [
            0.8839012980461121,
            0.5783563256263733,
            0.40264248847961426
          ]
        }
      }
    },
    {
      "instance_id": 14,
      "semantic_label": 0,
      "semantic_name": "cuboid",
      "geometry_label": 0,
      "geometry_name": "cuboid",
      "confidence": 0.9992057681083679,
      "num_points": 24,
      "centroid": [
        8.2106294631958,
        5.617376327514648,
        1.0864454507827759
      ],
      "geometry": {
        "label": 0,
        "name": "cuboid",
        "confidence": 0.34126217050118246,
        "residual": 0.3583680895488667,
        "parameters": {
          "center": [
            8.2106294631958,
            5.617376327514648,
            1.0864454507827759
          ],
          "axes": [
            [
              0.33094364404678345,
              -0.9410077929496765,
              -0.07057372480630875
            ],
            [
              -0.932047426700592,
              -0.33765095472335815,
              0.13145117461681366
            ],
            [
              -0.1475258618593216,
              0.022275129333138466,
              -0.9888073205947876
            ]
          ],
          "half_extents": [
            0.7197293639183044,
            0.547345757484436,
            0.3448568880558014
          ]
        }
      }
    },
    {
      "instance_id": 15,
      "semantic_label": 0,
      "semantic_name": "cuboid",
      "geometry_label": 0,
      "geometry_name": "cuboid",
      "confidence": 0.9999806880950928,
      "num_points": 37,
      "centroid": [
        8.09286880493164,
        6.881453037261963,
        0.6312817931175232
      ],
      "geometry": {
        "label": 0,
        "name": "cuboid",
        "confidence": 0.3720971843431968,
        "residual": 0.32953340353132277,
        "parameters": {
          "center": [
            8.09286880493164,
            6.881453037261963,
            0.6312817931175232
          ],
          "axes": [
            [
              -0.23286662995815277,
              -0.05138885974884033,
              0.9711499810218811
            ],
            [
              -0.640227735042572,
              0.7597820162773132,
              -0.11331240087747574
            ],
            [
              0.7320393323898315,
              0.6481438279151917,
              0.2098284512758255
            ]
          ],
          "half_extents": [
            0.7547891139984131,
            0.70021653175354,
            0.45497947931289673
          ]
        }
      }
    },
    {
      "instance_id": 16,
      "semantic_label": 0,
      "semantic_name": "cuboid",
      "geometry_label": 0,
      "geometry_name": "cuboid",
      "confidence": 0.9999828338623047,
      "num_points": 33,
      "centroid": [
        7.393622875213623,
        4.999146938323975,
        -1.345450520515442
      ],
      "geometry": {
        "label": 0,
        "name": "cuboid",
        "confidence": 0.4487958198034904,
        "residual": 0.2670624129934578,
        "parameters": {
          "center": [
            7.393622875213623,
            4.999146938323975,
            -1.345450520515442
          ],
          "axes": [
            [
              -0.8505756855010986,
              -0.5239746570587158,
              0.04440227150917053
            ],
            [
              0.5244582295417786,
              -0.8514357209205627,
              -0.0008852159371599555
            ],
            [
              -0.038269512355327606,
              -0.022534193471074104,
              -0.999013364315033
            ]
          ],
          "half_extents": [
            0.9546144008636475,
            0.5856439471244812,
            0.25198790431022644
          ]
        }
      }
    },
    {
      "instance_id": 17,
      "semantic_label": 2,
      "semantic_name": "sphere",
      "geometry_label": 2,
      "geometry_name": "sphere",
      "confidence": 0.9999985694885254,
      "num_points": 11,
      "centroid": [
        8.200461387634277,
        6.940701484680176,
        -0.4862942695617676
      ],
      "geometry": {
        "label": 2,
        "name": "sphere",
        "confidence": 0.4174212987105284,
        "residual": 0.2912197528477661,
        "parameters": {
          "center": [
            8.200461387634277,
            6.940701484680176,
            -0.4862942695617676
          ],
          "radius": 0.3268149197101593
        }
      }
    },
    {
      "instance_id": 18,
      "semantic_label": 1,
      "semantic_name": "cylinder",
      "geometry_label": 1,
      "geometry_name": "cylinder",
      "confidence": 0.9999998807907104,
      "num_points": 24,
      "centroid": [
        6.605973720550537,
        6.482034206390381,
        1.0268465280532837
      ],
      "geometry": {
        "label": 1,
        "name": "cylinder",
        "confidence": 0.25381299291675274,
        "residual": 0.45705251049558965,
        "parameters": {
          "center": [
            6.605973720550537,
            6.482034206390381,
            1.0268465280532837
          ],
          "axis": [
            -0.4551432430744171,
            -0.8207250237464905,
            0.3453333377838135
          ],
          "radius": 0.250232070684433,
          "height": 1.1839522123336792
        }
      }
    }
  ]
}