[
  {
    "scene": 1,
    "point_accuracy": 0.976806640625,
    "num_instances": 17,
    "instances": [
      {
        "instance_id": 0,
        "semantic_label": 0,
        "semantic_name": "cuboid",
        "geometry_label": 0,
        "geometry_name": "cuboid",
        "confidence": 0.9992393255233765,
        "num_points": 266,
        "centroid": [
          -5.644073486328125,
          9.399115562438965,
          -0.2599324882030487
        ],
        "geometry": {
          "label": 0,
          "name": "cuboid",
          "confidence": 0.4323104001974759,
          "residual": 0.27953714325785467,
          "parameters": {
            "center": [
              -5.644073486328125,
              9.399115562438965,
              -0.2599324882030487
            ],
            "axes": [
              [
                -0.6682588458061218,
                -0.5059374570846558,
                0.5453965663909912
              ],
              [
                -0.4526302218437195,
                -0.3052990138530731,
                -0.8378056883811951
              ],
              [
                -0.5903863310813904,
                0.806734025478363,
                0.02498381771147251
              ]
            ],
            "half_extents": [
              1.7111181020736694,
              1.9087883234024048,
              1.090787649154663
            ]
          }
        }
      },
      {
        "instance_id": 1,
        "semantic_label": 1,
        "semantic_name": "cylinder",
        "geometry_label": 1,
        "geometry_name": "cylinder",
        "confidence": 0.9999998807907104,
        "num_points": 347,
        "centroid": [
          -6.631993770599365,
          -3.5526139736175537,
          -0.0020837681367993355
        ],
        "geometry": {
          "label": 1,
          "name": "cylinder",
          "confidence": 0.4967412652664541,
          "residual": 0.2332286604887829,
          "parameters": {
            "center": [
              -6.631993770599365,
              -3.5526139736175537,
              -0.0020837681367993355
            ],
            "axis": [
              -0.08909202367067337,
              -0.03792578727006912,
              0.9953010678291321
            ],
            "radius": 0.26112768054008484,
            "height": 1.7342984676361084
          }
        }
      },
      {
        "instance_id": 2,
        "semantic_label": 1,
        "semantic_name": "cylinder",
        "geometry_label": 1,
        "geometry_name": "cylinder",
        "confidence": 0.9999992847442627,
        "num_points": 356,
        "centroid": [
          1.7522852420806885,
          -0.4720427691936493,
          0.014124480076134205
        ],
        "geometry": {
          "label": 1,
          "name": "cylinder",
          "confidence": 0.49539204805136344,
          "residual": 0.23413527120914626,
          "parameters": {
            "center": [
              1.7522852420806885,
              -0.4720427691936493,
              0.014124480076134205
            ],
            "axis": [
              -0.06036072596907616,
              0.03319619968533516,
              -0.9976244568824768
            ],
            "radius": 0.31291866302490234,
            "height": 1.77882981300354
          }
        }
      },
      {
        "instance_id": 3,
        "semantic_label": 2,
        "semantic_name": "sphere",
        "geometry_label": 2,
        "geometry_name": "sphere",
        "confidence": 0.9999998807907104,
        "num_points": 359,
        "centroid": [
          -5.770220756530762,
          1.8883742094039917,
          0.020859725773334503
        ],
        "geometry": {
          "label": 2,
          "name": "sphere",
          "confidence": 0.9214158974996122,
          "residual": 0.027281257664604004,
          "parameters": {
            "center": [
              -5.770220756530762,
              1.8883742094039917,
              0.020859725773334503
            ],
            "radius": 0.9386579394340515
          }
        }
      },
      {
        "instance_id": 4,
        "semantic_label": 0,
        "semantic_name": "cuboid",
        "geometry_label": 0,
        "geometry_name": "cuboid",
        "confidence": 0.9999597072601318,
        "num_points": 338,
        "centroid": [
          5.285560607910156,
          6.044955253601074,
          -0.010129444301128387
        ],
        "geometry": {
          "label": 0,
          "name": "cuboid",
          "confidence": 0.6230107089608231,
          "residual": 0.15773052366640125,
          "parameters": {
            "center": [
              5.285560607910156,
              6.044955253601074,
              -0.010129444301128387
            ],
            "axes": [
              [
                -0.17128413915634155,
                -0.3356092572212219,
                0.9262980818748474
              ],
              [
                -0.367518812417984,
                -0.8505629897117615,
                -0.37612831592559814
              ],
              [
                0.9141070246696472,
                -0.40485680103302,
                0.02234524115920067
              ]
            ],
            "half_extents": [
              1.379132628440857,
              1.2880427837371826,
              0.9186756610870361
            ]
          }
        }
      },
      {
        "instance_id": 5,
        "semantic_label": 2,
        "semantic_name": "sphere",
        "geometry_label": 2,
        "geometry_name": "sphere",
        "confidence": 0.9999998807907104,
        "num_points": 339,
        "centroid": [
          9.193765640258789,
          -9.473081588745117,
          0.08603302389383316
        ],
        "geometry": {
          "label": 2,
          "name": "sphere",
          "confidence": 0.9469879445370368,
          "residual": 0.01815630534620398,
          "parameters": {
            "center": [
              9.193765640258789,
              -9.473081588745117,
              0.08603302389383316
            ],
            "radius": 0.7534018754959106
          }
        }
      },
      {
        "instance_id": 6,
        "semantic_label": 0,
        "semantic_name": "cuboid",
        "geometry_label": 0,
        "geometry_name": "cuboid",
        "confidence": 0.9999895095825195,
        "num_points": 357,
        "centroid": [
          6.356740951538086,
          -4.933528423309326,
          -0.07524676620960236
        ],
        "geometry": {
          "label": 0,
          "name": "cuboid",
          "confidence": 0.6793760505113909,
          "residual": 0.12886015827231426,
          "parameters": {
            "center": [
              6.356740951538086,
              -4.933528423309326,
              -0.07524676620960236
            ],
            "axes": [
              [
                0.8598523736000061,
                -0.4619203507900238,
                0.2174476981163025
              ],
              [
                0.1869974136352539,
                -0.11137119680643082,
                -0.9760268330574036
              ],
              [
                0.47506406903266907,
                0.8799011707305908,
                -0.009384874254465103
              ]
            ],
            "half_extents": [
              1.374241828918457,
              1.2637513875961304,
              0.936069905757904
            ]
          }
        }
      },
      {
        "instance_id": 7,
        "semantic_label": 2,
        "semantic_name": "sphere",
        "geometry_label": 2,
        "geometry_name": "sphere",
        "confidence": 1.0,
        "num_points": 334,
        "centroid": [
          8.231463432312012,
          -2.438019275665283,
          0.05274480953812599
        ],
        "geometry": {
          "label": 2,
          "name": "sphere",
          "confidence": 0.944629715548235,
          "residual": 0.018987421224878853,
          "parameters": {
            "center": [
              8.231463432312012,
              -2.438019275665283,
              0.05274480953812599
            ],
            "radius": 0.9029256105422974
          }
        }
      },
      {
        "instance_id": 8,
        "semantic_label": 1,
        "semantic_name": "cylinder",
        "geometry_label": 1,
        "geometry_name": "cylinder",
        "confidence": 0.9999978542327881,
        "num_points": 342,
        "centroid": [
          -9.53375244140625,
          -8.913207054138184,
          -0.05055065453052521
        ],
        "geometry": {
          "label": 1,
          "name": "cylinder",
          "confidence": 0.5098130330411845,
          "residual": 0.22457040745289764,
          "parameters": {
            "center": [
              -9.53375244140625,
              -8.913207054138184,
              -0.05055065453052521
            ],
            "axis": [
              -0.007720791269093752,
              -0.029993928968906403,
              0.9995202422142029
            ],
            "radius": 0.30680832266807556,
            "height": 1.7081310749053955
          }
        }
      },
      {
        "instance_id": 9,
        "semantic_label": 0,
        "semantic_name": "cuboid",
        "geometry_label": 0,
        "geometry_name": "cuboid",
        "confidence": 0.9997515082359314,
        "num_points": 326,
        "centroid": [
          -9.472618103027344,
          -5.001903533935547,
          0.05911063402891159
        ],
        "geometry": {
          "label": 0,
          "name": "cuboid",
          "confidence": 0.7585935292282455,
          "residual": 0.09209639321667593,
          "parameters": {
            "center": [
              -9.472618103027344,
              -5.001903533935547,
              0.05911063402891159
            ],
            "axes": [
              [
                -0.09313320368528366,
                0.9955083131790161,
                0.017012983560562134
              ],
              [
                0.0378694050014019,
                -0.013533108867704868,
                0.9991910457611084
              ],
              [
                -0.9949332475662231,
                -0.09370213747024536,
                0.036438923329114914
              ]
            ],
            "half_extents": [
              1.3130887746810913,
              1.0776267051696777,
              0.9464653134346008
            ]
          }
        }
      },
      {
        "instance_id": 10,
        "semantic_label": 2,
        "semantic_name": "sphere",
        "geometry_label": 2,
        "geometry_name": "sphere",
        "confidence": 0.9999998807907104,
        "num_points": 341,
        "centroid": [
          4.907657146453857,
          2.6853182315826416,
          0.08846946060657501
        ],
        "geometry": {
          "label": 2,
          "name": "sphere",
          "confidence": 0.9301344312303733,
          "residual": 0.024142051190353085,
          "parameters": {
            "center": [
              4.907657146453857,
              2.6853182315826416,
              0.08846946060657501
            ],
            "radius": 0.8111760020256042
          }
        }
      },
      {
        "instance_id": 11,
        "semantic_label": 0,
        "semantic_name": "cuboid",
        "geometry_label": 0,
        "geometry_name": "cuboid",
        "confidence": 0.9999934434890747,
        "num_points": 79,
        "centroid": [
          -0.7197698354721069,
          5.84451961517334,
          0.7657448053359985
        ],
        "geometry": {
          "label": 0,
          "name": "cuboid",
          "confidence": 0.3351616313970865,
          "residual": 0.36438079391054423,
          "parameters": {
            "center": [
              -0.7197698354721069,
              5.84451961517334,
              0.7657448053359985
            ],
            "axes": [
              [
                0.8518770933151245,
                0.521860659122467,
                0.044349804520606995
              ],
              [
                -0.4136802852153778,
                0.6185101270675659,
                0.6680672764778137
              ],
              [
                -0.3212072253227234,
                0.5874578356742859,
                -0.7427780628204346
              ]
            ],
            "half_extents": [
              1.5018662214279175,
              1.0116777420043945,
              0.7357010245323181
            ]
          }
        }
      },
      {
        "instance_id": 12,
        "semantic_label": 0,
        "semantic_name": "cuboid",
        "geometry_label": 0,
        "geometry_name": "cuboid",
        "confidence": 0.9999997615814209,
        "num_points": 36,
        "centroid": [
          -5.188175201416016,
          10.65170955657959,
          0.8030551671981812
        ],
        "geometry": {
          "label": 0,
          "name": "cuboid",
          "confidence": 0.3934619820990367,
          "residual": 0.3109236101780497,
          "parameters": {
            "center": [
              -5.188175201416016,
              10.65170955657959,
              0.8030551671981812
            ],
            "axes": [
              [
                0.23504303395748138,
                -0.5601808428764343,
                0.7943249940872192
              ],
              [
                -0.9673321843147278,
                -0.05494733899831772,
                0.2474859058856964
              ],
              [
                -0.09499082714319229,
                -0.8265459537506104,
                -0.5547959804534912
              ]
            ],
            "half_extents": [
              0.8350589871406555,
              0.5257419347763062,
              0.40828239917755127
            ]
          }
        }
      },
      {
        "instance_id": 13,
        "semantic_label": 2,
        "semantic_name": "sphere",
        "geometry_label": 2,
        "geometry_name": "sphere",
        "confidence": 0.9999995231628418,
        "num_points": 20,
        "centroid": [
          -2.3174471855163574,
          6.453858852386475,
          -0.6749151349067688
        ],
        "geometry": {
          "label": 2,
          "name": "sphere",
          "confidence": 0.46080286468005954,
          "residual": 0.2582616509553927,
          "parameters": {
            "center": [
              -2.3174471855163574,
              6.453858852386475,
              -0.6749151349067688
            ],
            "radius": 0.41837412118911743
          }
        }
      },
      {
        "instance_id": 14,
        "semantic_label": 0,
        "semantic_name": "cuboid",
        "geometry_label": 0,
        "geometry_name": "cuboid",
        "confidence": 0.9999945163726807,
        "num_points": 101,
        "centroid": [
          -0.5585475564002991,
          6.20257043838501,
          -0.7825986742973328
        ],
        "geometry": {
          "label": 0,
          "name": "cuboid",
          "confidence": 0.3873917365196243,
          "residual": 0.31610628628402143,
          "parameters": {
            "center": [
              -0.5585475564002991,
              6.20257043838501,
              -0.7825986742973328
            ],
            "axes": [
              [
                0.6868961453437805,
                0.7218332290649414,
                0.08444198966026306
              ],
              [
                -0.6781536936759949,
                0.67839515209198,
                -0.28264397382736206
              ],
              [
                -0.26130685210227966,
                0.13688240945339203,
                0.9555009007453918
              ]
            ],
            "half_extents": [
              1.255885362625122,
              1.0530822277069092,
              0.7368481159210205
            ]
          }
        }
      },
      {
        "instance_id": 15,
        "semantic_label": 0,
        "semantic_name": "cuboid",
        "geometry_label": 0,
        "geometry_name": "cuboid",
        "confidence": 1.0,
        "num_points": 58,
        "centroid": [
          -1.0188523530960083,
          7.6216959953308105,
          0.5929657220840454
        ],
        "geometry": {
          "label": 0,
          "name": "cuboid",
          "confidence": 0.3946652697361308,
          "residual": 0.3099057639108329,
          "parameters": {
            "center": [
              -1.0188523530960083,
              7.6216959953308105,
              0.5929657220840454
            ],
            "axes": [
              [
                0.8759717345237732,
                -0.34884512424468994,
                0.333137571811676
              ],
              [
                0.4203803539276123,
                0.2134186178445816,
                -0.8818916082382202
              ],
              [
                -0.23654583096504211,
                -0.9125565886497498,
                -0.3335963189601898
              ]
            ],
            "half_extents": [
              1.2250770330429077,
              0.986361026763916,
              0.5106905698776245
            ]
          }
        }
      },
      {
        "instance_id": 16,
        "semantic_label": 0,
        "semantic_name": "cuboid",
        "geometry_label": 0,
        "geometry_name": "cuboid",
        "confidence": 0.9999434947967529,
        "num_points": 22,
        "centroid": [
          -2.1426374912261963,
          6.74899435043335,
          0.7826858758926392
        ],
        "geometry": {
          "label": 0,
          "name": "cuboid",
          "confidence": 0.5413606682214199,
          "residual": 0.20455651757351964,
          "parameters": {
            "center": [
              -2.1426374912261963,
              6.74899435043335,
              0.7826858758926392
            ],
            "axes": [
              [
                -0.06830697506666183,
                -0.5899731516838074,
                0.8045282959938049
              ],
              [
                -0.6482550501823425,
                -0.5867299437522888,
                -0.4852971136569977
              ],
              [
                0.7583531737327576,
                -0.5546887516975403,
                -0.34237533807754517
              ]
            ],
            "half_extents": [
              0.8762229084968567,
              0.6165220141410828,
              0.23745109140872955
            ]
          }
        }
      }
    ]
  },
  {
    "scene": 2,
    "point_accuracy": 0.83642578125,
    "num_instances": 11,
    "instances": [
      {
        "instance_id": 0,
        "semantic_label": 2,
        "semantic_name": "sphere",
        "geometry_label": 2,
        "geometry_name": "sphere",
        "confidence": 0.9999998807907104,
        "num_points": 345,
        "centroid": [
          9.367431640625,
          -4.307465553283691,
          -0.01007580291479826
        ],
        "geometry": {
          "label": 2,
          "name": "sphere",
          "confidence": 0.8972090874064471,
          "residual": 0.036155449252603805,
          "parameters": {
            "center": [
              9.367431640625,
              -4.307465553283691,
              -0.01007580291479826
            ],
            "radius": 0.43471431732177734
          }
        }
      },
      {
        "instance_id": 1,
        "semantic_label": 1,
        "semantic_name": "cylinder",
        "geometry_label": 1,
        "geometry_name": "cylinder",
        "confidence": 0.9999996423721313,
        "num_points": 354,
        "centroid": [
          5.366429328918457,
          -0.7745707035064697,
          -0.0024805485736578703
        ],
        "geometry": {
          "label": 1,
          "name": "cylinder",
          "confidence": 0.5079836916748391,
          "residual": 0.22576864497375093,
          "parameters": {
            "center": [
              5.366429328918457,
              -0.7745707035064697,
              -0.0024805485736578703
            ],
            "axis": [
              0.03259223699569702,
              0.016907237470149994,
              -0.999325692653656
            ],
            "radius": 0.2704278230667114,
            "height": 1.5603772401809692
          }
        }
      },
      {
        "instance_id": 2,
        "semantic_label": 2,
        "semantic_name": "sphere",
        "geometry_label": 2,
        "geometry_name": "sphere",
        "confidence": 0.9999998807907104,
        "num_points": 342,
        "centroid": [
          2.3815338611602783,
          1.3228644132614136,
          -0.05492211505770683
        ],
        "geometry": {
          "label": 2,
          "name": "sphere",
          "confidence": 0.9258761957158931,
          "residual": 0.02567158373510792,
          "parameters": {
            "center": [
              2.3815338611602783,
              1.3228644132614136,
              -0.05492211505770683
            ],
            "radius": 0.9284024834632874
          }
        }
      },
      {
        "instance_id": 3,
        "semantic_label": 0,
        "semantic_name": "cuboid",
        "geometry_label": 0,
        "geometry_name": "cuboid",
        "confidence": 0.9957261085510254,
        "num_points": 343,
        "centroid": [
          -7.048022270202637,
          9.109820365905762,
          0.0003576667804736644
        ],
        "geometry": {
          "label": 0,
          "name": "cuboid",
          "confidence": 0.7768565730949749,
          "residual": 0.08416651208826374,
          "parameters": {
            "center": [
              -7.048022270202637,
              9.109820365905762,
              0.0003576667804736644
            ],
            "axes": [
              [
                0.4671157896518707,
                0.8756099343299866,
                -0.12292297184467316
              ],
              [
                -0.013594908639788628,
                -0.13189348578453064,
                -0.9911706447601318
              ],
              [
                -0.8840916156768799,
                0.4646625816822052,
                -0.04970569163560867
              ]
            ],
            "half_extents": [
              1.1732674837112427,
              1.0018610954284668,
              0.8561254739761353
            ]
          }
        }
      },
      {
        "instance_id": 4,
        "semantic_label": 0,
        "semantic_name": "cuboid",
        "geometry_label": 0,
        "geometry_name": "cuboid",
        "confidence": 0.9999933242797852,
        "num_points": 667,
        "centroid": [
          -6.726038932800293,
          -5.890003681182861,
          0.030736885964870453
        ],
        "geometry": {
          "label": 0,
          "name": "cuboid",
          "confidence": 0.4898133836186107,
          "residual": 0.23791027005903,
          "parameters": {
            "center": [
              -6.726038932800293,
              -5.890003681182861,
              0.030736885964870453
            ],
            "axes": [
              [
                -0.49839887022972107,
                0.8566060066223145,
                0.13350917398929596
              ],
              [
                0.0637623593211174,
                -0.11736299097537994,
                0.9910399913787842
              ],
              [
                -0.864599883556366,
                -0.5024460554122925,
                -0.003874357556924224
              ]
            ],
            "half_extents": [
              1.3080998659133911,
              0.901029109954834,
              0.6301454305648804
            ]
          }
        }
      },
      {
        "instance_id": 5,
        "semantic_label": 2,
        "semantic_name": "sphere",
        "geometry_label": 2,
        "geometry_name": "sphere",
        "confidence": 0.9999998807907104,
        "num_points": 328,
        "centroid": [
          -4.306063652038574,
          5.1981024742126465,
          0.05546583607792854
        ],
        "geometry": {
          "label": 2,
          "name": "sphere",
          "confidence": 0.9584636887130843,
          "residual": 0.014141200221376176,
          "parameters": {
            "center": [
              -4.306063652038574,
              5.1981024742126465,
              0.05546583607792854
            ],
            "radius": 0.971231997013092
          }
        }
      },
      {
        "instance_id": 6,
        "semantic_label": 0,
        "semantic_name": "cuboid",
        "geometry_label": 0,
        "geometry_name": "cuboid",
        "confidence": 0.9983236193656921,
        "num_points": 337,
        "centroid": [
          -9.968037605285645,
          -5.097226619720459,
          -0.0819321870803833
        ],
        "geometry": {
          "label": 0,
          "name": "cuboid",
          "confidence": 0.625008378243945,
          "residual": 0.15666340804842413,
          "parameters": {
            "center": [
              -9.968037605285645,
              -5.097226619720459,
              -0.0819321870803833
            ],
            "axes": [
              [
                -0.4725895822048187,
                0.8781822919845581,
                -0.07385729998350143
              ],
              [
                -0.5834850668907166,
                -0.24898730218410492,
                0.7730138897895813
              ],
              [
                0.6604576110839844,
                0.40841296315193176,
                0.6300750374794006
              ]
            ],
            "half_extents": [
              1.0686769485473633,
              1.2611726522445679,
              1.2458444833755493
            ]
          }
        }
      },
      {
        "instance_id": 7,
        "semantic_label": 2,
        "semantic_name": "sphere",
        "geometry_label": 2,
        "geometry_name": "sphere",
        "confidence": 1.0,
        "num_points": 362,
        "centroid": [
          9.549029350280762,
          6.6885175704956055,
          -0.0011188882635906339
        ],
        "geometry": {
          "label": 2,
          "name": "sphere",
          "confidence": 0.9495817561766893,
          "residual": 0.017244549328360812,
          "parameters": {
            "center": [
              9.549029350280762,
              6.6885175704956055,
              -0.0011188882635906339
            ],
            "radius": 0.8040858507156372
          }
        }
      },
      {
        "instance_id": 8,
        "semantic_label": 2,
        "semantic_name": "sphere",
        "geometry_label": 2,
        "geometry_name": "sphere",
        "confidence": 0.9999998807907104,
        "num_points": 354,
        "centroid": [
          -8.773837089538574,
          -8.665544509887695,
          0.03172830864787102
        ],
        "geometry": {
          "label": 2,
          "name": "sphere",
          "confidence": 0.9399256747869982,
          "residual": 0.0206514920732564,
          "parameters": {
            "center": [
              -8.773837089538574,
              -8.665544509887695,
              0.03172830864787102
            ],
            "radius": 0.4915214478969574
          }
        }
      },
      {
        "instance_id": 9,
        "semantic_label": 1,
        "semantic_name": "cylinder",
        "geometry_label": 1,
        "geometry_name": "cylinder",
        "confidence": 0.999970555305481,
        "num_points": 332,
        "centroid": [
          -6.951605796813965,
          -3.477118492126465,
          0.024181518703699112
        ],
        "geometry": {
          "label": 1,
          "name": "cylinder",
          "confidence": 0.4745318802569489,
          "residual": 0.24847549204515676,
          "parameters": {
            "center": [
              -6.951605796813965,
              -3.477118492126465,
              0.024181518703699112
            ],
            "axis": [
              0.0063790022395551205,
              0.017693093046545982,
              -0.9998230934143066
            ],
            "radius": 0.30697184801101685,
            "height": 1.7465438842773438
          }
        }
      },
      {
        "instance_id": 10,
        "semantic_label": 0,
        "semantic_name": "cuboid",
        "geometry_label": 0,
        "geometry_name": "cuboid",
        "confidence": 0.9999704360961914,
        "num_points": 329,
        "centroid": [
          1.285224437713623,
          7.001236915588379,
          0.04268249496817589
        ],
        "geometry": {
          "label": 0,
          "name": "cuboid",
          "confidence": 0.6241180672184378,
          "residual": 0.15713857274158663,
          "parameters": {
            "center": [
              1.285224437713623,
              7.001236915588379,
              0.04268249496817589
            ],
            "axes": [
              [
                -0.6263414621353149,
                -0.7717456817626953,
                0.1100226566195488
              ],
              [
                0.06515330821275711,
                0.0888180136680603,
                0.9939146637916565
              ],
              [
                -0.7768213152885437,
                0.6296983361244202,
                -0.005348625592887402
              ]
            ],
            "half_extents": [
              1.4339518547058105,
              1.0925570726394653,
              1.097696304321289
            ]
          }
        }
      }
    ]
  },
  {
    "scene": 3,
    "point_accuracy": 0.7919921875,
    "num_instances": 19,
    "instances": [
      {
        "instance_id": 0,
        "semantic_label": 1,
        "semantic_name": "cylinder",
        "geometry_label": 1,
        "geometry_name": "cylinder",
        "confidence": 0.6828203797340393,
        "num_points": 347,
        "centroid": [
          -5.839996337890625,
          -3.4578516483306885,
          0.01717609167098999
        ],
        "geometry": {
          "label": 1,
          "name": "cylinder",
          "confidence": 0.5023908204476684,
          "residual": 0.22945897846566873,
          "parameters": {
            "center": [
              -5.839996337890625,
              -3.4578516483306885,
              0.01717609167098999
            ],
            "axis": [
              -0.022740093991160393,
              -0.04508733004331589,
              0.9987242221832275
            ],
            "radius": 0.22891923785209656,
            "height": 1.8814237117767334
          }
        }
      },
      {
        "instance_id": 1,
        "semantic_label": 0,
        "semantic_name": "cuboid",
        "geometry_label": 0,
        "geometry_name": "cuboid",
        "confidence": 0.9999984502792358,
        "num_points": 69,
        "centroid": [
          7.004446506500244,
          4.659768581390381,
          0.4196864068508148
        ],
        "geometry": {
          "label": 0,
          "name": "cuboid",
          "confidence": 0.36536306432775734,
          "residual": 0.33562124099810203,
          "parameters": {
            "center": [
              7.004446506500244,
              4.659768581390381,
              0.4196864068508148
            ],
            "axes": [
              [
                0.12300685793161392,
                0.186081662774086,
                0.9748040437698364
              ],
              [
                0.9631871581077576,
                -0.25898173451423645,
                -0.0721035897731781
              ],
              [
                -0.23903928697109222,
                -0.9477880001068115,
                0.21108800172805786
              ]
            ],
            "half_extents": [
              1.1725395917892456,
              0.8867971897125244,
              0.6795163750648499
            ]
          }
        }
      },
      {
        "instance_id": 2,
        "semantic_label": 1,
        "semantic_name": "cylinder",
        "geometry_label": 1,
        "geometry_name": "cylinder",
        "confidence": 0.9999873638153076,
        "num_points": 333,
        "centroid": [
          5.829150676727295,
          -6.688244819641113,
          -0.013327470049262047
        ],
        "geometry": {
          "label": 1,
          "name": "cylinder",
          "confidence": 0.49249429284220125,
          "residual": 0.2360908021915996,
          "parameters": {
            "center": [
              5.829150676727295,
              -6.688244819641113,
              -0.013327470049262047
            ],
            "axis": [
              0.011057755909860134,
              -0.014606324955821037,
              -0.9998321533203125
            ],
            "radius": 0.3182201087474823,
            "height": 1.5181047916412354
          }
        }
      },
      {
        "instance_id": 3,
        "semantic_label": 0,
        "semantic_name": "cuboid",
        "geometry_label": 0,
        "geometry_name": "cuboid",
        "confidence": 0.9999933242797852,
        "num_points": 127,
        "centroid": [
          2.3471643924713135,
          8.556368827819824,
          -0.2423218935728073
        ],
        "geometry": {
          "label": 0,
          "name": "cuboid",
          "confidence": 0.3868032132413459,
          "residual": 0.31661306939837996,
          "parameters": {
            "center": [
              2.3471643924713135,
              8.556368827819824,
              -0.2423218935728073
            ],
            "axes": [
              [
                -0.5464482307434082,
                0.5701772570610046,
                -0.613426685333252
              ],
              [
                -0.5355505347251892,
                0.3252232074737549,
                0.7793686389923096
              ],
              [
                -0.6438788771629333,
                -0.7544055581092834,
                -0.12764106690883636
              ]
            ],
            "half_extents": [
              1.6299488544464111,
              1.1326615810394287,
              0.8183383941650391
            ]
          }
        }
      },
      {
        "instance_id": 4,
        "semantic_label": 1,
        "semantic_name": "cylinder",
        "geometry_label": 1,
        "geometry_name": "cylinder",
        "confidence": 0.9999998807907104,
        "num_points": 332,
        "centroid": [
          4.791093826293945,
          -1.133987307548523,
          0.13864807784557343
        ],
        "geometry": {
          "label": 1,
          "name": "cylinder",
          "confidence": 0.51437125427832,
          "residual": 0.22160332988692596,
          "parameters": {
            "center": [
              4.791093826293945,
              -1.133987307548523,
              0.13864807784557343
            ],
            "axis": [
              -0.014325018040835857,
              0.00033546003396622837,
              0.9998973608016968
            ],
            "radius": 0.33428266644477844,
            "height": 1.716722846031189
          }
        }
      },
      {
        "instance_id": 5,
        "semantic_label": 2,
        "semantic_name": "sphere",
        "geometry_label": 2,
        "geometry_name": "sphere",
        "confidence": 0.9999998807907104,
        "num_points": 347,
        "centroid": [
          -0.05676353722810745,
          -4.910686492919922,
          0.05853596329689026
        ],
        "geometry": {
          "label": 2,
          "name": "sphere",
          "confidence": 0.9568041374280025,
          "residual": 0.014718857186722273,
          "parameters": {
            "center": [
              -0.05676353722810745,
              -4.910686492919922,
              0.05853596329689026
            ],
            "radius": 0.801677405834198
          }
        }
      },
      {
        "instance_id": 6,
        "semantic_label": 2,
        "semantic_name": "sphere",
        "geometry_label": 2,
        "geometry_name": "sphere",
        "confidence": 0.9999998807907104,
        "num_points": 354,
        "centroid": [
          4.915609836578369,
          9.708088874816895,
          -0.004900375846773386
        ],
        "geometry": {
          "label": 2,
          "name": "sphere",
          "confidence": 0.9302865029576838,
          "residual": 0.024087557527170164,
          "parameters": {
            "center": [
              4.915609836578369,
              9.708088874816895,
              -0.004900375846773386
            ],
            "radius": 0.45996585488319397
          }
        }
      },
      {
        "instance_id": 7,
        "semantic_label": 1,
        "semantic_name": "cylinder",
        "geometry_label": 1,
        "geometry_name": "cylinder",
        "confidence": 0.9996227025985718,
        "num_points": 322,
        "centroid": [
          -4.003148555755615,
          9.004820823669434,
          -0.0221240371465683
        ],
        "geometry": {
          "label": 1,
          "name": "cylinder",
          "confidence": 0.47199259196119464,
          "residual": 0.25026399617240613,
          "parameters": {
            "center": [
              -4.003148555755615,
              9.004820823669434,
              -0.0221240371465683
            ],
            "axis": [
              0.1759013682603836,
              -0.9796167612075806,
              0.09700394421815872
            ],
            "radius": 0.8282797932624817,
            "height": 2.212879180908203
          }
        }
      },
      {
        "instance_id": 8,
        "semantic_label": 1,
        "semantic_name": "cylinder",
        "geometry_label": 1,
        "geometry_name": "cylinder",
        "confidence": 0.9999997615814209,
        "num_points": 340,
        "centroid": [
          0.3079652190208435,
          -7.558139801025391,
          0.07794421911239624
        ],
        "geometry": {
          "label": 1,
          "name": "cylinder",
          "confidence": 0.5110273283608479,
          "residual": 0.22377740335007676,
          "parameters": {
            "center": [
              0.3079652190208435,
              -7.558139801025391,
              0.07794421911239624
            ],
            "axis": [
              0.09873832017183304,
              0.026159102097153664,
              0.9947695732116699
            ],
            "radius": 0.32372352480888367,
            "height": 1.7895833253860474
          }
        }
      },
      {
        "instance_id": 9,
        "semantic_label": 2,
        "semantic_name": "sphere",
        "geometry_label": 2,
        "geometry_name": "sphere",
        "confidence": 0.9999998807907104,
        "num_points": 353,
        "centroid": [
          0.08282697200775146,
          -9.61905288696289,
          0.043644439429044724
        ],
        "geometry": {
          "label": 2,
          "name": "sphere",
          "confidence": 0.9381139453366525,
          "residual": 0.021294620149629104,
          "parameters": {
            "center": [
              0.08282697200775146,
              -9.61905288696289,
              0.043644439429044724
            ],
            "radius": 0.9587542414665222
          }
        }
      },
      {
        "instance_id": 10,
        "semantic_label": 0,
        "semantic_name": "cuboid",
        "geometry_label": 0,
        "geometry_name": "cuboid",
        "confidence": 1.0,
        "num_points": 412,
        "centroid": [
          -0.42001691460609436,
          9.117809295654297,
          0.09027747064828873
        ],
        "geometry": {
          "label": 0,
          "name": "cuboid",
          "confidence": 0.3381238518033804,
          "residual": 0.3614476750542472,
          "parameters": {
            "center": [
              -0.42001691460609436,
              9.117809295654297,
              0.09027747064828873
            ],
            "axes": [
              [
